
PSNR: 10.0358083502
MSE: 25.0922546387
SSIM: 0.950706646981

PSNR: 13.649248096
MSE: 10.9193229675
SSIM: 0.950706646981

PSNR: 13.1205187278
MSE: 12.33299764
SSIM: 0.879297330859
